ID	Names	row.names	BD	HL	CW	TL	AbL	PL	CPD	CPL	PdL	HD	SNL	OD	IW	AdCD	AnCD	PAdD	DL	MR
1	PcearIPU	Ipu1	-0.507890878	-0.173713852	-0.95564112	-1.035980046	-0.611353643	-0.811655598	-0.7647218	-0.95667621	-0.88589612	-0.85508326	-0.889078831	-0.53294523	-0.853737433	-0.850438505	-1.1121592	-1.05637924	-0.79039446	-0.780614542
2	PcearIPU	Ipu2	-0.588700886	-0.517618145	-1.093835966	-1.32029596	-0.604834943	-0.743650401	-0.6059586	-0.90891543	-0.813011754	-0.78555626	-0.619058521	-0.59770048	-0.834152865	-0.95576071	-0.58268848	-0.78750781	-0.448588885	-1.002657188
3	PcearIPU	Ipu3	-0.968652878	-0.57182141	-1.11841771	-0.87089929	-0.859928174	-0.8868602	-0.8403437	-1.21172862	-0.959967082	-0.92517007	-0.666234738	-0.95571517	-0.674187311	-0.542865688	-1.37211547	-0.92920963	-0.931224225	-1.36583253
4	PcearIPU	Ipu4	-0.715079768	-0.374750677	-1.059545466	-0.847198671	-1.063500112	-0.450128687	-0.9928766	-1.06767254	-0.95330389	-0.73125578	-0.903552096	-0.91440579	-0.873920003	-0.033441965	-0.94940047	-1.03789305	-0.936798737	-0.818770939
5	PcearIPU	Ipu5	-0.760920423	-0.213242575	-0.805120973	-1.024175491	-0.650387305	-0.788111596	-0.8326097	-1.05057995	-1.259810718	-0.85597894	-0.707334392	-1.47226859	-0.324505598	-1.349669756	-1.18364381	-0.8959088	-0.820516382	-0.88267141
6	PcearIPU	Ipu6	-0.188818175	-0.357916818	-1.124545932	-1.050163814	-0.654157156	-1.096907724	-1.1323046	-1.11895031	-1.339860298	-0.63620195	-1.248921772	-0.7357706	-1.019683009	-1.69981113	-1.31234303	-0.94689989	-0.849171327	-0.740159567
7	PcearIPU	Ipu7	-0.13518642	-0.321472834	-1.151606507	-1.029482965	-0.638999215	-0.864094512	-0.9892244	-1.07337007	-1.093596027	-0.75443145	-0.767547595	-0.72088433	-0.724718486	-0.932577834	-1.4014632	-1.09435297	-1.167407477	-0.9824297
8	PcearIPU	Ipu8	-0.427624434	-0.829397087	-1.140314054	-0.967989468	-0.791521091	-0.602775545	-0.889541	-0.87951336	-1.186059224	-0.87781109	-1.041987222	-1.30517026	-0.843870399	-1.439003771	-0.92166821	-0.92281649	-0.868633219	-1.031159557
9	PcearIPU	Ipu9	-0.817994756	-0.035032816	-1.020435016	-1.162261334	-0.906815692	-0.662705732	-0.7477498	-0.92621904	-0.77873739	-0.81948006	-0.789975632	-0.59249029	-0.694967883	0.181199493	-1.22443446	-0.79033209	-0.565947022	-1.434789874
10	PcearIPU	Ipu10	-0.92752312	-0.184686709	-0.685104223	-1.042202602	-0.53367901	-0.904761425	-0.6729872	-1.17817649	-0.936737187	-0.8825134	-0.635741446	-0.62226282	-0.882740534	-0.363598101	-0.41562181	-1.04171867	-0.54971248	-0.612818339
11	PcearIPU	Ipu11	-0.763366466	-0.62783145	-0.94214526	-0.971832812	-0.841785767	-0.984635912	-1.1937474	-0.31981892	-0.71160345	-1.03321123	-0.496091007	-0.62896164	-1.256940331	-0.8710233	-0.49047199	-0.68272703	-0.722522337	-0.792567148
12	PcearIPU	Ipu12	-0.95461078	-0.009605756	-1.051420408	-0.573406198	-1.523814591	-0.573394187	-1.0856854	-1.69032117	-0.785263667	-0.78421274	-0.541720462	-1.18496367	-0.940447734	-0.651385532	-1.07675346	-0.74614495	-1.047897773	-1.069775669
13	PcearIPU	Ipu13	-0.720787201	-0.257706879	-0.916255244	-1.177634708	-1.41558846	-0.905734318	-1.1381052	-1.04924349	-1.182590714	-0.9272973	-1.135676757	-0.98362692	-0.728605499	-0.567847236	-0.97363254	-0.7867889	-0.703353842	-1.471107408
14	PcearIPU	Ipu14	-0.60980933	-0.417496342	-0.965763014	-1.320570484	-0.292722719	-1.017422394	-0.5797488	-1.17838751	-0.790238242	-0.62556578	-0.72567456	-0.72646668	-0.675981317	-0.338016996	-0.92880321	-1.04497942	-0.524578279	-0.842676151
15	PcearIPU	Ipu15	-1.024640082	-0.288157657	-0.89842143	-1.358729395	-0.544831485	-0.907193657	-0.8962008	-1.54795325	-0.97963719	-0.95931779	-0.284847623	-0.11761842	-0.89903609	-0.155152066	-0.66251968	-1.16211001	-0.315387399	-0.290097972
16	PcearIPU	Ipu16	-1.389644034	-0.111446199	-1.016647913	-1.167385792	-1.100491772	-0.942801528	-1.0100634	-0.98213924	-0.704940258	-0.98204562	-0.679492691	-0.62114635	-1.22479772	1.064147319	-1.5545291	-0.8342368	-0.895918986	-0.824747242
17	PcearIPU	Ipu17	-1.129910519	-0.073107305	-0.993374441	-1.079354923	-0.916554473	-0.735769971	-0.6783581	-1.14434301	-0.656928765	-0.61694487	-0.589780542	-0.75065686	-0.767475634	-1.007922182	-0.94657339	-0.83973131	-1.29444766	-1.348823052
18	PcearIPU	Ipu18	-1.094941165	-0.039439586	-0.875147958	-0.910522331	-0.52229092	-0.723414234	-0.4877993	-0.91172902	-0.615991209	-0.82003986	-0.909076244	-0.727211	-0.561015418	0.140029903	-0.84816426	-0.92651373	-0.411816669	-1.280325424
19	PcearIPU	Ipu19	-0.740083761	-0.075795434	-0.920455486	-1.082557709	-0.621563655	-0.67622894	-0.4121774	-1.15658215	-0.893198248	-0.90871198	-0.651540506	-0.67585338	-0.810531783	-0.258076043	-0.67894364	-0.86101611	-0.478124016	-1.123102681
20	PcearIPU	Ipu20	-0.441485344	-0.110829252	-0.734336567	-0.819654709	-0.704029139	-0.376967159	-0.4918812	-0.71737993	-1.003186553	-0.86851843	-0.739263962	-0.45330371	-0.681363336	-0.662377413	-0.9942298	-1.02171763	-0.828144661	-0.936458138
21	PsomaPBN	spilPB1	1.047611197	1.259499795	1.271451116	1.302053943	0.143951654	1.096770635	0.7745716	0.72662749	1.018270703	1.05360656	1.03310339	0.8805057	1.260498896	2.312225447	0.66432077	1.03353642	1.396183237	-0.264353897
22	PsomaPBN	spilPB2	0.695743401	1.188066061	1.191095668	1.511150133	0.838625185	1.060579028	0.723226	0.75166849	0.97993453	0.96638992	0.700660218	1.38552226	1.308638063	0.283723766	0.82061762	0.66147608	0.884110564	-0.9971406
23	PsomaPBN	spilPB3	1.195642087	1.17030678	0.884822286	0.41900001	1.082016171	0.783888357	0.7178552	0.72831565	1.027078895	1.21326116	1.298814864	1.05430285	1.819032833	1.087929752	1.45751719	1.01522996	0.558930725	1.025148426
24	PsomaPBN	spilPB4	0.71522115	1.135978045	0.606848895	1.167262394	0.556907383	0.228853097	0.4430811	0.8781396	0.894453993	0.56423049	0.980513509	0.86748022	0.86626603	0.869890803	0.91821902	0.87406732	-0.014461575	0.985612883
25	PsomaPBN	spilPB5	0.680614173	1.24275407	0.530142836	0.8115701	0.690187314	0.127672261	0.4437256	1.09527881	0.742980473	0.87726995	1.185569849	-0.09007882	1.367989769	1.18086111	0.86127365	0.82625996	0.596583127	0.5300347
26	PsomaPBN	spilPB6	1.023422551	1.045330796	1.001947066	0.74824644	0.980387279	0.753728685	0.9144293	0.29333382	0.985091658	0.90100542	0.649838065	0.15591672	0.723343534	-0.018453037	0.94325882	0.93224748	0.771642349	1.262821404
27	PsomaPBN	spilPB7	0.591831876	1.323045411	0.650641581	1.184099899	0.897529102	0.637273434	1.04376	0.38561975	1.048391982	0.99393201	1.454816778	0.62446193	0.662646324	0.311902952	0.298955	0.86361748	0.43071696	2.027788201
28	PsomaPBN	spilPB8	0.501147102	1.36015041	0.80825394	0.582159094	0.149292276	0.437343993	0.475736	1.2823829	0.998235489	0.50959413	1.440785445	0.60659841	0.529441362	0.185596246	0.16702485	0.79942931	0.304165768	1.406712394
29	PsomaPBN	spilPB9	0.608229423	1.239537129	0.64354937	0.56477254	0.390405644	1.359062495	0.8128123	0.46566653	0.788481859	0.33773592	1.102155228	0.8555712	0.69912445	0.541733191	0.80594376	0.82192084	0.725970474	1.508769262
30	PsomaPBN	spilPB10	0.773110831	1.202299926	0.807427663	0.44260912	0.676050373	0.36885235	0.6110821	1.10273484	0.920148356	0.94097505	1.603858267	1.16297259	0.717662515	-0.13956358	-0.20924535	0.99676944	0.335754667	1.890333229
31	PsomaPBN	spilPB11	0.978669026	1.391350338	1.290868629	0.56477254	0.892895328	1.617073627	0.7803722	0.64341541	1.194160714	1.25569391	1.629932241	1.25154587	1.449916053	0.925649618	1.20334971	1.09995835	1.175941132	-0.330093231
32	PsomaPBN	spilPB12	0.987909632	0.997869889	1.032725888	0.669915438	0.33456473	0.558663707	0.7687711	1.15260582	0.951456231	1.09044132	0.866937045	0.55524079	0.992294967	-1.550121696	0.86531233	0.95707547	0.989732888	0.55210105
33	PsomaPBN	spilPB13	0.623177462	1.37870291	1.208860625	0.622605709	0.689559005	0.897716798	1.0377446	1.37136285	1.306796041	0.89809447	1.299367279	1.54368884	1.115333893	-0.748913494	1.39303296	1.07803167	1.384838617	0.006418605
34	PsomaPBN	spilPB14	1.282159529	1.344991123	0.875526668	0.754102963	0.480882061	0.981969302	0.9243117	0.57687389	1.115434645	0.9811686	1.1431444	1.03792796	1.505978747	2.056814102	1.24387111	0.75534487	1.295939828	0.946537055
35	PsomaPBN	spilPB15	1.662020927	1.405892678	1.229517553	0.915248868	0.81498508	1.321508838	0.7739271	1.34069466	1.309351785	1.26778556	1.614906561	1.18492983	1.633951191	1.0541547	0.93316212	0.95617683	0.744845574	1.350167372
36	PsomaPBN	spilPB16	1.389604227	0.979978405	0.997264829	1.230220022	0.578426948	1.13189206	0.754592	1.18496216	0.582607484	0.8468169	0.88439335	0.66204975	0.909172678	1.003791899	-0.96999773	0.64643037	0.469445145	1.177774013
37	PsomaPBN	spilPB17	0.30800031	1.109757767	0.902311818	0.493030127	0.606543751	0.551561591	0.6106525	0.3306843	0.903992398	0.5700524	1.039732366	1.66463974	1.293538511	1.104917205	0.64318502	0.97563869	0.956970407	0.373271673
38	PsomaPBN	spilPB18	1.697443251	1.273381118	1.163071102	0.750076603	0.791187897	1.275782884	1.0362408	-0.47752094	0.950269635	1.81370131	1.51646626	1.82094553	1.148523008	0.587899092	0.11681061	0.88295096	0.741129233	0.35993992
39	PsomaPBN	spilPB19	1.224179254	1.255489634	1.011724678	1.359246555	0.544105599	0.661303882	1.1279754	0.33996917	1.15372518	1.32913951	1.012111631	1.31630113	0.960451356	0.361866047	1.14882755	0.88105099	0.81565165	0.484063138
40	PsomaPBN	spilPB20	1.261866433	1.407302844	1.031761898	0.842133832	1.333182475	1.475128589	0.9934886	0.11030945	0.975279424	1.13925577	1.208660784	1.33379249	1.284269479	1.439669946	1.49278832	1.19911624	0.170279693	0.329598688
41	PcesaPBM	cesar1	1.22982407	2.31184799	1.25324582	-0.32818731	0.0303079	0.03855311	-1.46270008	0.57750361	0.3138349	0.07714235	-0.42487819	0.8378329	0.095657256	0.01829419	-0.08569554	0.4328301	-0.17293871	0.79012603
42	PcesaPBM	cesar2	0.09198644	0.37606292	-0.09566408	-1.180291	0.70363697	0.85840317	0.9802207	-1.28056284	0.3468618	0.41818218	-0.44039531	0.4590942	0.524699551	0.26230634	0.31117147	-0.65525209	0.96634406	1.12936767
43	PcesaPBM	cesar3	1.89651838	0.79408762	-0.18288589	-0.38716733	-0.91830817	-0.60035572	-0.70765527	0.04339125	-0.4980853	1.33066826	0.04191967	0.3746884	-0.957249068	-0.81153419	-1.43256175	-0.34458743	-0.21426998	-0.60120014
44	PcesaPBM	cesar4	1.80338941	-0.1796134	1.75742474	1.66555471	0.51338805	-0.92964629	-1.62169288	1.1035319	1.3929318	1.52730988	0.20597595	-1.5309886	-0.842853986	-1.03580527	-1.43503822	0.00125848	0.12519485	0.38238258
45	PcesaPBM	cesar5	0.24518624	0.47069865	0.35241689	1.74915355	-0.20739079	1.67112493	0.22284425	1.02494331	-0.9502672	-0.30294036	-0.20346881	0.6802884	-0.626005728	1.65894437	1.37209374	2.02725221	0.94292944	0.13277429
46	PcesaPBM	cesar6	-0.21465427	-0.07907559	1.0610541	0.38120943	-0.45502862	0.77375248	-1.31254599	-0.17131621	0.5687568	-0.51970858	0.64887574	-0.4140616	1.345615566	-2.16061703	-0.88288999	-0.77375338	-1.78029734	-1.71608838
47	PcesaPBM	cesar7	-0.25327678	-0.20043054	-0.266447	1.0160835	-1.70360896	-1.54019117	-0.76480483	0.77894553	0.1554766	0.8367444	-0.506961	0.1497081	-0.860470078	0.28757253	0.39055268	-0.75914309	-2.13592637	-1.80403877
48	PcesaPBM	cesar8	-0.11221172	-0.08420691	-0.70811515	-2.62473563	0.0757452	-1.07988669	-0.06948354	0.95375573	-2.0792625	-0.78745539	-0.46394409	1.5423839	-1.093133664	0.42094495	-0.65519141	1.11882316	-0.91152997	1.55945394
49	PcesaPBM	cesar9	0.16457632	0.55516622	-1.04281029	0.22149095	-1.14574719	-0.75538036	0.04477424	-1.50401418	-1.020561	-0.38603614	0.12776821	0.2099842	-0.294795353	0.42547019	1.1264146	-0.50426317	0.46397563	0.41898512
50	PcesaPBM	cesar10	-0.12802764	-0.08738921	-0.57842642	-0.31356381	-0.85407541	-0.56002662	-0.52689734	0.42115644	1.9280412	-0.22453691	0.30166729	-1.7389867	0.835705927	-0.56234246	-1.34757028	-0.61888492	2.07756504	-0.05847066
51	PcesaPBM	cesar11	-0.7247137	-1.53184829	-1.93013489	-1.17444722	0.09781927	-1.65370132	-0.78685598	-0.86665952	-1.5342284	-0.70883355	0.02039574	-0.5448081	-1.415891836	-1.28434913	-0.05956077	-2.87715758	-1.07265538	-1.80256831
52	PcesaPBM	cesar12	0.85899257	-0.74508224	1.61801507	-0.10709645	-0.1802927	0.09777415	0.26443158	1.37326551	0.3708087	-0.30563394	0.37437689	1.1116841	-1.436740774	-0.29828523	-0.2897631	0.55959063	-0.89084005	-0.98475944
53	PcesaPBM	cesar13	0.03206355	2.35101708	-0.87083251	-0.17216885	1.88770027	0.07422201	-0.57110623	0.96652907	-0.1550731	1.71758769	-0.23899936	0.2858601	1.459529062	0.71649834	-0.65727125	0.19327456	0.5438331	0.90146664
54	PcesaPBM	cesar14	-0.4891714	0.1316691	-0.56174902	0.77815628	-0.14054451	-0.07358141	0.60855341	-0.58865328	0.8334518	1.02661593	1.00744166	0.9296749	0.511907695	-0.39651892	-0.81281109	1.01372408	0.04691809	0.03686025
55	PcesaPBM	cesar15	0.18512688	-0.74548724	0.04280951	0.59244318	1.72119805	0.12055763	-0.1371538	-1.6750193	1.2911726	-0.35145725	0.35462033	-0.5838245	1.19637679	0.32726137	1.47907001	0.52001795	-0.15552992	-0.09056767
56	PcesaPBM	cesar16	-1.39118432	-1.32990566	-0.38638965	-0.61084474	1.61552551	-0.35447927	0.8182048	-0.42214711	-0.7447147	-1.97832997	-0.54027783	-2.0586271	0.77294026	0.69862467	-0.74186982	0.39267607	0.6562413	1.40780249
57	PcesaPBM	cesar17	-0.70086409	-0.01964914	0.21614274	0.06415005	0.24145582	1.50713806	0.31044199	0.13417466	0.5217283	-0.98550432	-0.12265566	0.9199208	-0.14736258	-1.2711035	1.01325385	-0.58039469	0.28251802	0.64455151
58	PcesaPBM	cesar18	-1.86405153	-0.84639519	-1.3507681	-0.30428657	0.72823178	-0.21409854	0.9622347	1.14502527	-0.4631677	-1.49425538	-3.04236222	-1.1937662	-0.80304132	0.0404633	0.3189487	-0.19307745	-0.13741749	-0.06532463
59	PcesaPBM	cesar19	0.8613764	-0.81691505	1.16394633	0.06333095	-0.56315049	1.84778933	1.91251403	-0.50053561	-0.5280212	0.98910263	0.34808675	0.206573	1.734645404	1.54150848	0.66711784	0.7328874	0.3203219	-0.51609127
60	PcesaPBM	cesar20	-1.49088483	-0.32455113	0.50916782	0.67121632	-1.44686199	0.77203252	1.83667624	-1.51331422	0.2503166	0.12133848	2.55281425	0.3573697	0.000466875	1.422667	1.72160035	0.31417916	1.04556377	0.23533877
61	PaffcPBN	Paffcear1	0.171384286	-0.714424471	0.11066949	-0.36568263	-0.174208038	0.492604296	-0.4766279	0.34468194	-0.100460964	-0.07539556	-0.250045496	-0.08821804	-0.148692989	2.177724794	-0.38869729	-0.21050746	-0.093678318	-0.145747266
62	PaffcPBN	Paffcear2	-0.504357705	-0.483509749	-0.052451382	0.674765372	-1.130179346	-0.320831253	-0.1930456	0.55464648	-0.104796602	-0.11536519	-0.467033994	0.26979665	-0.309107045	0.529542196	0.51583203	-0.28655761	-0.052016179	-0.827505535
63	PaffcPBN	Paffcear3	-0.089708142	-0.566004474	-0.269693406	-0.173515453	-0.722721316	0.149756924	-0.0828352	-0.23920942	-0.413813537	-0.17212879	-0.77262981	-0.26275951	-0.046584135	0.454597553	-0.39152437	-0.24370558	-2.061969879	-1.091842019
64	PaffcPBN	Paffcear4	-0.294541583	-0.561818043	-0.206276638	0.02588087	-0.983312246	-0.244167312	-0.2686676	0.03251354	-0.272882464	-0.5592856	-0.326278726	0.15740534	-0.053461159	0.098060902	0.89358308	-0.4234068	-0.570934743	-0.902898898
65	PaffcPBN	Paffcear5	-0.309942594	-0.710678717	-0.090460129	0.096342168	-0.289267023	0.002266398	-0.2553478	-0.11407477	-0.171337245	-0.20717219	-0.50559254	0.25081666	-0.006667497	-0.117579818	1.31912515	-0.33228527	0.2958529	0.20547547
66	PaffcPBN	Paffcear6	-0.122140858	-1.017698349	-0.278025033	-0.217073347	-0.616772803	0.00197453	-0.522173	0.13900812	-0.190824799	-0.10383334	-0.473331521	0.27984488	0.178862647	-0.632199703	0.0274212	-0.2712038	-0.53083738	-0.308946312
67	PaffcPBN	Paffcear7	0.000886039	-0.68652962	0.081612079	0.09176676	-0.453334067	-0.219358549	-0.5760966	-0.09283212	-0.132316498	-0.1011463	0.169237268	-0.0662608	0.238214352	0.465789286	-0.27749902	-0.22429508	-0.317049973	0.658755075
68	PaffcPBN	Paffcear8	-0.161277544	-0.764044696	0.293276732	0.01984133	-0.714945999	0.874075506	-0.4482697	-0.2125506	0.084191601	-0.19149782	0.253204304	0.17191945	0.028016624	0.554723596	-0.86216502	-0.20259947	-0.547463116	1.281669744
69	PaffcPBN	Paffcear9	-0.234296453	-0.366465951	0.229997676	0.298117704	-0.761597901	0.353480646	-0.4641675	-0.13426231	0.008432022	-0.23840896	-0.176242891	-0.48121545	0.131022481	0.81513125	-0.28974967	-0.17363777	0.247736064	-0.232633519
70	PaffcPBN	Paffcear10	-0.38721943	-0.919030779	0.047941286	-0.210484758	-0.719658312	0.246657033	-0.6149817	0.39061388	-0.157326287	-0.20862766	-0.435988287	0.16261554	0.29801456	0.244352846	-0.32609778	-0.46500074	-0.52389369	0.672086828
71	PaffcPBN	Paffcear11	-0.807576426	-0.374001527	0.039885085	-0.199412268	-0.340317085	0.504084429	-0.614552	0.15434222	-0.307293743	-0.43265913	-0.315230432	0.09637165	0.215938775	1.381712755	-0.36392673	-0.32792047	-0.517243395	0.304314329
72	PaffcPBN	Paffcear12	-0.362668407	-0.750604049	-0.044532893	-0.187333188	-1.068605118	0.121251169	-0.6098257	0.11009843	-0.31382002	-0.33738138	-0.389585451	-0.03834905	-0.277263435	0.495167586	-0.29540382	-0.4019166	-0.002530164	0.16869822
73	PaffcPBN	Paffcear13	-0.480622029	-0.723017672	-0.064501257	0.249160828	-0.511845292	-0.626611415	-0.3511642	-0.04246877	-0.11775788	0.01585163	0.514054529	0.24672294	0.010674564	-1.111645568	-0.21166856	-0.0694732	0.009988037	-0.434448677
74	PaffcPBN	Paffcear14	-0.473012118	-0.934807014	-0.305705316	-0.294397758	-0.431107656	-0.533116431	-0.3157164	0.24064925	-0.310351509	-0.09084601	-0.19612982	0.60622625	-0.16618455	-1.456790633	-0.49518378	-0.20378054	0.647144925	-1.090462872
75	PaffcPBN	Paffcear15	-0.074578914	-0.941373101	0.007315995	-0.395880329	0.125023862	0.18604582	-0.2718901	-0.24392219	0.045901067	-0.11178248	-0.25545916	0.94674958	0.115175426	0.622673406	0.96291372	-0.10932122	0.590226228	0.202717176
76	PaffcPBN	Paffcear16	-0.148684953	-1.002450926	-0.145063275	-0.336857554	-0.157636402	0.062585742	-0.261578	-0.01468452	-0.158467244	-0.39145794	-0.508354614	0.45401419	-0.064225196	-0.121576866	-0.42881483	-0.20218867	-0.245852703	-0.662467627
77	PaffcPBN	Paffcear17	-0.117158178	-0.889505424	-0.214263983	-0.753311279	0.102640373	-0.34904514	-0.3210873	0.27821075	-0.193380544	-0.3526079	-0.539952735	0.86040924	-0.603772567	-0.408165182	0.05596119	-0.04957486	0.079522733	-0.353079012
78	PaffcPBN	Paffcear18	0.034043509	-0.881793577	-0.11125477	-0.871265322	-0.017680695	-0.172075966	-0.5354927	-0.05562233	-0.211864056	-0.28991044	-0.622041561	0.9422837	-0.18651662	0.271732623	0.10563694	-0.33924326	0.280791939	-0.542022133
79	PaffcPBN	Paffcear19	-0.440035837	-0.608309461	-0.01203266	-0.331916112	-0.439903974	-0.21400764	-0.4669603	-0.03367628	-0.264895762	-0.26080091	-0.117797415	-0.19204974	-0.055554166	0.100658983	0.71009246	-0.24724877	0.099864811	-0.435368109
80	PaffcPBN	Paffcear20	-0.479353711	-0.560187538	-0.104093702	-0.479518806	-0.125828287	0.011703456	-0.7163839	0.22025069	-0.390264174	-0.27613939	-0.086862191	0.24039627	-0.613041599	0.457795191	0.27889624	-0.41837445	-0.934744969	-0.140230679
