Nome	Ind	Bacia	BD	HL	CW	TL	AbL	PL	CPD	CPL	PdL	HD	SNL	OD	IW	AdCD	AnCD	PAdD	DL	MR
PjumbJAG1	1	JAG	3.458196569	7.65182214	5.790377788	4.591031125	4.627128862	4.389978244	2.1221957	6.964847295	9.971553692	3.57130138	3.924553246	1.461222394	1.961062515	2.851393017	4.175520435	17.24004978	5.833058405	1.385075513
PjumbJAG2	2	JAG	3.56385934	7.796067224	5.760114101	3.727112466	4.3915597	4.696329733	2.157883832	7.484766604	10.01925275	3.526312987	3.933668675	1.341676752	1.970824148	3.531022642	4.421824565	16.78989665	5.520381368	1.356202854
PjumbJAG3	3	JAG	3.537213956	7.731332284	6.004223698	4.441383307	4.74427904	4.585972461	2.272991886	6.54938826	9.928326575	3.48691487	4.074814897	1.519069363	1.835573088	3.508339528	4.69394594	16.39048479	5.80476233	1.387944555
PjumbJAG4	4	JAG	3.478899664	7.39399164	5.953758881	4.415005834	4.943925939	4.552987113	2.082128552	5.644994347	9.41713354	3.376381018	3.768720398	1.437687858	1.980952266	3.536223243	4.372483036	16.15656569	5.64604713	1.456591117
PjumbJAG5	5	JAG	3.489686548	7.824104883	6.003711671	4.226517237	4.873109717	4.519579113	2.199646643	6.284486636	9.814326209	3.829935782	3.906315742	1.38935196	1.870575999	3.12568489	4.605970296	17.06270427	5.675271454	1.207035407
PjumbJAG6	6	JAG	3.566541262	7.680794061	6.075370364	4.214739925	4.978332923	4.570141556	2.123828035	5.878655739	9.61796866	3.621103758	3.904261192	1.448679213	1.90331498	3.421915278	4.48448473	16.42633278	5.699537865	1.340839907
PjumbJAG7	7	JAG	4.085482565	7.954383617	6.245799208	3.965529551	4.728754531	4.569029933	2.468443529	6.968888104	9.817925295	3.892108524	4.377061516	1.436141068	2.025337823	3.391651185	4.544948842	17.94026954	5.907341341	1.663643547
PjumbJAG8	8	JAG	3.324873709	8.206071282	6.596427549	3.750049957	4.72867493	5.247017633	2.329866665	7.332382088	10.33394871	3.551266804	4.421739093	1.423400077	2.31639805	3.347328862	4.867052063	17.22887153	5.748130524	1.523402019
PjumbJAG9	9	JAG	4.015997466	8.030646981	6.131000932	3.666327926	4.924322234	4.352640125	2.010901817	6.545789633	9.703470796	4.059202315	4.178643692	1.513977136	1.881809292	3.181985454	3.8486818	17.20055211	5.941970944	1.49450103
PjumbPIA1	10	PIA	4.260609788	9.544769448	7.769178856	5.761888971	6.421467717	4.406682244	3.197645961	9.490131694	12.31032608	4.040859143	4.860015296	1.62902753	2.229676708	3.594347658	4.769363935	22.36365593	6.62836495	1.461650851
PjumbPIA2	11	PIA	4.615172867	9.592127275	7.631187688	6.13708183	6.593127814	4.785957594	3.076106276	9.038538027	11.7656895	4.755520507	4.956694399	1.665777045	2.498333734	3.771054763	5.323352252	21.56975735	7.517633857	1.142913274
PjumbPIA3	12	PIA	3.672628629	9.499818911	7.533235089	5.245013041	5.829070174	5.320606938	2.948804623	8.701799902	11.48427347	4.28496463	5.04731971	1.622866233	2.227982035	3.759053107	5.304508436	21.13824378	7.627894764	1.302767793
PjumbPIA4	13	PIA	3.876706078	9.691765194	7.440181793	5.698779024	6.785377268	5.121088619	2.777068885	8.829939021	10.9765277	4.114104585	4.888417665	1.700164499	2.145914365	3.718039062	5.159806473	21.14280275	6.884398016	1.111388149
PjumbPIA5	14	PIA	3.93757597	9.232598684	7.534817028	5.960026475	6.490822221	5.379273891	2.571608579	8.664831301	11.78817926	3.931647952	4.913534765	1.716130415	2.288037249	3.656418965	4.85456349	21.75199404	6.834888215	1.289061828
PjumbPIA6	15	PIA	4.842189085	9.321696906	7.590852218	5.622106305	6.458225496	5.022458734	2.864285615	9.751932041	11.7032268	4.120919493	5.061520219	1.562162196	2.379284861	3.543472096	5.243483466	20.67071234	7.034080657	1.47579757
PjumbPIA7	16	PIA	4.726664801	9.614466997	7.322246268	5.55690583	6.287995556	5.337758135	2.864304638	9.546977964	11.60384759	4.415538354	5.081842362	1.772880371	2.298801532	3.831384359	5.397363611	20.82772227	7.461557317	1.466577
PjumbPIA8	17	PIA	4.28129985	9.42248022	7.426690304	5.587493006	6.218094144	5.475389314	2.569796389	9.611161953	12.36833418	4.308918241	4.850310526	1.781601324	2.176937609	3.762770803	4.685487912	21.14342716	6.908598777	1.420329123
PjumbPIA9	18	PIA	4.367483262	9.53048564	7.433078767	5.972087375	6.827067985	4.855326785	3.023809397	9.501135959	11.93526437	4.173243612	4.861889828	1.528986055	2.272237222	3.672596168	4.914282574	20.82478807	6.875743561	1.374740124
PjumbPIA10	19	PIA	3.886639295	9.336097414	7.704160049	5.477871314	6.938918729	4.8020851	2.60281006	9.006705102	12.08940953	4.27586216	4.698756532	1.542853485	2.147347754	3.545411956	4.53123817	21.20598077	6.16687459	1.152046345
PjumbPIA11	20	PIA	4.095395017	9.667587218	7.562256697	6.140153619	6.921378664	5.11386518	2.68996278	9.298541471	12.22867394	3.79172651	4.933722318	1.612299642	2.349927958	3.566006592	4.657297265	21.00751869	6.766254325	1.381628205
PjumbPIA12	21	PIA	4.10218224	9.373009421	7.51716157	5.814401298	6.7452389	4.740168968	2.825103486	9.080464903	11.94870763	4.371277754	5.057841117	1.658581463	2.273915435	3.662144826	5.43674169	21.43633616	6.950218654	1.345242394
PjumbPIA13	22	PIA	3.700368185	9.692866323	7.349914775	5.635017115	5.998806781	4.938826741	2.715068961	9.492768657	11.92580021	4.24719902	5.300845895	1.6336729	2.411234507	3.486405494	4.922762175	20.63196269	7.023298218	1.413953667
PjumbPIA14	23	PIA	4.928699277	9.753487847	7.754526729	5.758279412	6.441800452	5.398375944	2.851024559	9.186340201	11.98520005	4.280012975	5.218176985	1.683871909	2.390851767	4.194323892	5.286298705	21.28164015	7.516481011	1.390130837
PjumbPIA15	24	PIA	4.511199643	10.02937797	8.03022936	5.479379647	6.814541843	4.894593491	3.179618516	9.110720761	12.11359328	4.54851053	5.590123057	1.644411444	2.406781777	3.870151605	5.010640383	21.4255704	7.485999292	1.286753125
PjumbPIA16	25	PIA	4.412704511	9.337323699	7.694478233	5.23140887	6.934982913	5.218894299	2.763419131	8.716147224	12.11512656	4.758320227	5.01410696	1.732443002	2.19205069	3.467761734	4.690626734	21.88684449	6.817781609	1.203397086
PjumbPIA17	26	PIA	4.905351111	9.268071322	7.488493461	5.051579239	5.802203949	5.386406489	2.904806884	8.87502079	11.34452136	4.492924968	4.688932491	1.670938264	2.321458687	3.827142646	5.237280427	20.70571629	7.156946211	1.353203058
PjumbPIA18	27	PIA	4.044098948	9.45152227	7.38678116	5.25306679	6.126264002	5.172782248	2.859172115	9.913044577	11.29664829	4.031327745	5.009953171	1.454934429	2.155674732	3.601768047	5.108360734	21.14095426	7.08923317	1.330293026
PjumbPIA19	28	PIA	3.963682413	9.611508388	7.804899812	5.650081261	6.645124037	5.222030116	2.910712682	9.365390814	11.73363089	3.801111091	5.119074061	1.658581463	2.309819363	3.809537652	4.632259626	21.69095327	7.150479192	1.369925741
PjumbPIA20	29	PIA	4.553721814	9.533246186	7.477872359	6.426655456	6.501956982	5.183340328	2.810932102	8.867948728	12.14657717	4.277551324	4.561581486	1.807927863	2.195680033	3.731027093	4.973965206	21.48573162	6.967686157	1.246610234
PjumbPBN1	30	PBN	5.616703265	10.26336356	7.923337064	6.092152927	6.554955613	5.760759295	2.963741672	11.33464019	12.75411127	4.968793822	5.216267334	1.633805001	2.340535257	3.161756871	5.184939203	23.17127701	7.611336415	1.160183649
PjumbPBN2	31	PBN	6.305572036	10.87769523	8.104038878	6.58067349	6.851880117	5.925172387	3.339113622	10.82934748	13.5975354	5.350228447	5.501204879	1.658425539	2.630306628	3.653516704	5.666406512	23.86817965	8.394649888	0.908976926
PjumbPBN3	32	PBN	5.64813135	10.14319631	7.75965577	6.858479054	7.698058378	6.872877263	2.882040115	9.751179322	13.33597255	4.790089873	5.030180683	1.768422245	2.582198669	3.188905105	5.530632257	24.08822185	7.44315858	1.064466262
PjumbPBN4	33	PBN	4.69602633	10.11594605	7.670789575	6.41508632	6.918379943	6.314910149	2.786177901	10.01999134	13.52222436	4.712925571	5.172091042	1.889178335	2.4201279	3.077411342	4.682255831	23.95831878	7.118595924	1.118599072
PjumbPBN5	34	PBN	4.74764065	10.0089872	7.487840657	6.877265417	7.041838797	5.959854263	2.917259201	10.03372458	12.90387428	4.597892966	5.019357825	1.73400577	2.508437651	3.425002052	4.916462916	23.73216164	8.093443576	1.294477037
PjumbPBN6	35	PBN	5.842113382	10.74843306	8.550441237	5.607078176	6.856301428	6.326871714	3.013492292	10.54888636	12.86158911	4.904638311	5.262425711	1.705791901	2.570305453	3.567719711	5.427805994	24.58139312	7.940742828	1.009680916
PjumbPBN7	36	PBN	5.019186061	10.33174414	8.044739751	5.929886938	7.211591519	5.646481364	2.915935355	10.27747729	13.10492745	4.83645771	5.352897206	1.74991077	2.537013436	2.655336682	5.297468695	22.70824735	6.587054684	1.210636616
PjumbPBN8	37	PBN	6.171912379	10.52089705	8.688656852	5.654440447	7.033324168	6.555696724	3.064172481	10.61217842	13.92132732	5.364595115	5.337746214	1.426917617	2.573843731	3.675677014	5.213285348	24.26277031	7.397397833	1.138589899
PjumbPBN9	38	PBN	5.813080757	10.81020824	8.85571433	5.799532628	7.674573095	6.9117436	2.848208958	10.92461214	14.06693689	5.635613606	5.160698487	1.984685169	2.731511566	3.324233506	5.331641522	24.37401785	6.600601694	1.087103728
PjumbPBN10	39	PBN	6.304149615	10.49804426	8.286324297	6.079007814	6.667395946	6.015514872	2.813486273	10.39691425	14.02899068	6.036048265	5.305428212	1.843252233	2.453697736	3.084028421	5.485347126	23.92499247	6.759136118	1.056316895
PjumbPBN11	40	PBN	6.558646553	10.9544846	8.654546576	5.764285334	6.5868971	6.092802281	2.839844499	10.87985233	14.44436308	5.801761017	5.379861866	1.990041527	2.581453893	3.037568062	5.410941858	24.20821771	7.632070858	1.066455508
PjumbPBN12	41	PBN	5.984997306	11.15919284	8.773758265	5.778581869	7.205504804	6.78728887	3.178019765	11.20701045	13.65070679	5.538418585	5.508370684	1.918153011	2.893354645	3.721350842	5.265984067	23.9556025	8.237075254	1.101447148
PjumbPBN13	42	PBN	6.101103493	11.40911729	9.024497756	5.630032927	7.518225089	7.05663748	3.177522984	10.15297328	13.92695734	5.542520932	5.58490417	1.855843272	2.825146085	3.611857417	5.33756536	24.23820799	8.185678718	1.071199782
PjumbPBN14	43	PBN	5.839413467	10.41927748	8.076773879	5.828431893	6.860895237	6.637472749	2.939178517	10.59769591	13.6203022	5.190189254	5.185363851	1.932004924	2.527791185	3.515279523	5.06576663	24.17360453	7.484258525	1.013874456
PjumbPBN15	44	PBN	6.590653311	10.95432653	8.448331603	5.880833776	7.251234196	7.000567303	3.141984674	11.2022502	14.61251415	5.276231743	5.459937917	1.952259487	2.670779366	3.743525593	5.412037513	24.64881204	7.734304263	1.031476453
PjumbPBN16	45	PBN	5.962134638	10.91511419	8.453915339	6.075988721	8.208512911	7.188581609	3.072284049	11.22179796	14.35142828	5.699515869	5.155253253	2.079065886	2.684171741	3.958484362	5.475359037	24.54878372	7.693012233	1.071914811
PjumbPBN17	46	PBN	4.597977114	10.63354514	8.230863848	5.236534252	6.701420114	5.810257315	2.910194721	10.17528898	13.56426212	4.42896383	5.355935112	1.732591161	2.739679738	3.251212027	5.168811001	23.58810746	7.604095074	0.806242561
PjumbPBN18	47	PBN	4.52064431	10.82230806	7.831245024	6.009815264	7.603401336	6.248535323	2.917606249	10.82581803	13.06160098	4.549119612	5.337178616	1.864186239	2.829318462	3.695665511	5.108515466	23.26400778	7.541665841	1.061480655
PjumbPBN19	48	PBN	5.107052726	10.01103485	6.889171938	6.576834058	7.26052182	6.563148163	3.026568938	10.13290301	13.38516958	5.249071196	5.176014856	1.804539886	2.466986061	3.964039415	4.237606321	23.44870457	8.07381624	1.233413441
PjumbPBN20	49	PBN	3.547485548	10.24354261	7.613989898	7.044498819	6.688504841	5.980884629	2.745072081	11.02557862	13.47538878	4.856357443	5.066210577	1.524754654	2.58947704	3.706295405	5.158715199	23.56988717	7.630158505	0.928422451
PjumbIPO1	70	IPO	7.264521635	11.62871157	8.947410104	6.57499936	8.420558495	5.951550873	3.321440361	12.79380339	15.25955401	6.758583826	6.427007748	1.640503994	2.54571319	4.025716109	5.054376376	27.7489778	5.7516635	1.5764348
PjumbIPO2	71	IPO	7.30372632	11.9013042	8.668236555	6.415116405	8.408654031	6.101093192	3.553034245	13.17158675	15.19502961	6.48269642	6.634861041	1.813203689	3.177466983	4.269207322	5.791671694	27.85341645	6.663743563	1.539687234
PjumbIPO3	72	IPO	5.555949064	11.46981606	8.101096316	5.600005769	8.639548271	5.468841151	3.138680957	13.01963726	14.91527059	5.899345978	5.826672931	1.806337371	2.597655272	3.811705961	4.931314666	26.99355335	6.943791243	1.846107335
PjumbIPO4	73	IPO	8.473191025	12.26361303	9.806982225	6.622988784	9.342596663	6.206949555	3.284495587	12.28337919	16.16163578	6.558726643	6.214735232	1.999934138	2.492713169	4.183725322	4.849038634	29.01382111	7.331119126	1.610526777
PjumbIPO5	74	IPO	7.323031993	11.23725321	8.9433454	6.716235953	8.683017597	6.145005581	2.925921132	12.98328895	15.65030582	6.350452569	6.154600627	1.529531244	2.531440141	3.234977585	5.146141291	27.71566463	6.8193711	1.649354216
PjumbIPO6	75	IPO	7.478852819	11.7135562	8.768754024	6.046327826	8.278266965	5.272413529	3.416712275	13.14904815	15.11522746	6.797539556	6.519639792	1.949398591	2.76386996	3.635318527	5.184756884	26.94215299	7.185352272	1.830781791
PjumbIPO7	76	IPO	8.731595788	12.13135323	9.006364187	6.570772943	8.274538296	6.61395918	4.167215451	13.15626879	15.5299732	7.291714649	6.651977707	1.688585606	2.886052022	4.534256434	6.295434417	27.6804633	7.917090523	1.653765292
PjumbIPO8	77	IPO	7.132615672	11.45805311	9.084785035	6.198871083	9.074027793	6.607441622	3.572808347	13.5558172	14.91689657	6.304363617	6.429295912	1.5499589	2.749270364	3.240927171	5.733619987	27.19183593	7.73531925	1.276740561
PjumbIPO9	78	IPO	7.149711735	11.71259531	9.390076554	6.445139409	8.36308487	6.422544947	3.334450154	11.74200206	15.27257509	5.953065609	6.36302615	1.501912218	2.972701481	4.232131909	5.83309581	27.57299976	7.676827752	1.438868375
PjumbIPO10	79	IPO	6.613967191	11.86004748	9.061611384	6.277955358	8.292760584	6.800219493	3.635542601	12.46084651	15.10624986	6.234669803	6.778693654	1.485578187	3.052125606	3.265462263	5.360374171	27.83539883	6.360110248	1.648590871
PjumbIPO11	80	IPO	7.376990059	11.70664973	8.7017721	5.89558436	7.704161275	6.130283262	3.573082065	13.11379649	15.04599627	5.987548852	6.266000453	1.878043433	2.815825112	3.277694124	4.926314896	27.31830687	7.866672623	1.337049125
PjumbIPO12	81	IPO	6.769563945	12.46276906	9.324576198	5.746607465	8.665238812	7.60371408	3.17974262	13.17779952	15.67053421	5.66049713	6.743115961	1.527561073	2.875365329	3.890189231	5.534630437	27.46471311	7.522094147	1.641224439
PjumbIPO13	82	IPO	8.187065978	12.26529175	9.348983599	5.937821183	8.025514763	6.874503615	3.060312564	13.65675212	15.27072696	6.492202098	6.109659791	1.544175698	2.976073309	4.109402001	5.318774397	26.45078687	7.725457626	1.536648876
PjumbIPO14	83	IPO	7.986810174	11.64371368	8.733510789	5.800170994	7.519051022	5.83269916	3.441871419	13.56912291	14.80541176	6.110735216	6.496012021	1.584157612	2.862520322	3.932788783	5.013219366	25.91165004	7.3250311	1.666794794
PjumbIPO15	84	IPO	7.662514769	11.70292332	9.143771318	6.604494887	8.407759047	7.326774031	3.590414106	13.19127486	15.33278559	5.870865379	6.090433576	1.692231576	2.876956111	3.752074213	5.5077853	27.54727319	8.369260982	1.649355655
PjumbIPO16	85	IPO	7.0084158	12.10443239	9.224163628	7.643731607	8.475427164	7.449591423	3.750638798	12.86101305	15.79733802	6.03031691	6.781387266	1.48270469	2.931902315	3.806536854	5.346428878	26.8713578	8.674419555	1.494599194
PjumbIPO17	86	IPO	7.174990805	11.44377081	9.248104956	6.895379753	8.932028586	6.931363441	3.576323705	12.9017017	15.23830153	5.631240075	6.568376205	1.75214909	3.201362141	3.581526536	5.849159688	26.67321998	8.269793971	1.569933095
PjumbIPO18	87	IPO	6.988438153	11.97829975	9.198322577	7.108916284	7.948463182	7.119428416	3.569149403	12.90771907	15.6377774	5.648897999	6.818604184	1.469912006	2.909445714	4.309592678	5.209106022	27.11500013	8.289260445	1.799639859
PjumbIPO19	88	IPO	6.520931671	11.393705	8.502124931	6.879514164	8.648132726	5.964322222	3.61020625	13.38705279	15.16762132	6.269132736	6.131709672	2.113143057	2.906979338	3.435915938	4.531282673	28.2670542	7.098969404	1.478398379
PjumbIPO20	89	IPO	6.046354858	11.72730412	8.393639313	7.077972328	8.817884873	7.077885115	3.312079558	13.23113297	15.5959148	5.597334229	6.02667803	1.973392425	2.703814471	4.21557458	5.66222259	27.77778819	7.208992655	1.480972872
PjumbPBM1	90	PBM	6.698923823	11.77094428	8.42294727	5.548586343	7.577506597	4.875821372	3.255000891	11.33348371	14.49725067	5.316092381	5.896652838	1.721301352	2.710350172	2.965443432	5.438898461	26.29012264	6.352489566	1.398550448
PjumbPBM2	91	PBM	7.043115585	11.61594027	8.50136404	5.396032593	7.352501477	5.142317663	3.279129193	10.91814832	14.25492105	5.718411672	6.256583343	1.610708005	2.567578584	3.04650655	4.564914071	25.79599231	6.752149344	1.278427628
PjumbPBM3	92	PBM	6.021003954	11.25051068	8.688261073	5.735651761	7.323275041	6.104428458	3.285772105	11.26526183	14.73312764	5.887473895	6.215561364	1.653634118	3.0270554	3.057509293	3.754858949	27.15064068	6.667233033	1.533371844
PjumbPBM4	93	PBM	8.004264907	11.76882785	9.260260209	6.664494015	7.464812828	5.827597263	3.166394057	12.15825844	14.83745405	6.059083645	6.346379145	1.565993689	2.953929621	2.955480259	3.842916289	28.22410077	7.008534874	1.415106384
PjumbPBM5	94	PBM	6.757990477	11.54264355	8.258652082	5.753525903	7.463460633	5.913096443	3.371506698	11.4493648	14.05956414	5.562720325	6.239996955	1.579646605	3.202432566	2.99071172	5.551899599	26.74259564	7.397894391	1.199551335
PjumbPBM6	95	PBM	6.583152187	11.42307268	8.32697421	6.063568289	7.396611036	5.121999227	3.253927169	12.09088985	14.24049089	5.730383914	6.257921368	1.669206148	2.977469847	2.848047737	5.301172684	26.89360851	6.582782214	1.288504494
PjumbPBM7	96	PBM	6.866113335	11.33473015	8.674690573	6.147012296	7.372345412	5.813813496	3.299419087	11.50965154	14.70525273	6.497860536	6.158864606	1.462154651	2.966191393	3.133101756	5.835354578	26.79634623	7.112421737	1.311333067
PjumbPBM8	97	PBM	6.673262596	11.46533841	8.364019572	6.403702856	6.936815264	6.391437285	2.764625046	11.30565626	14.79863394	5.776599858	5.71700866	1.889080892	2.793302044	2.623152195	5.331746814	27.02074232	7.232825946	1.210969246
PjumbPBM9	98	PBM	6.80683752	11.1489388	8.508716072	6.472275854	7.353912322	6.038625361	3.02273475	11.81163307	15.34326722	6.119319426	5.938774464	1.806314331	2.78668516	3.106928589	5.576468786	26.8555641	7.148845066	1.383868079
PjumbPBM10	99	PBM	7.331052637	11.37954416	9.109924037	6.839508708	7.381101359	6.302045657	3.082926171	10.73783101	15.05712573	6.602363349	5.770097315	1.856553043	2.816167625	3.062548175	4.980910718	27.14957822	6.648103413	1.310077259
PjumbPBM11	100	PBM	7.371408381	11.76094649	8.436527382	5.16740158	7.032240546	5.661779815	3.306321949	11.41849848	14.30054333	6.243965779	6.432964007	1.717300575	2.885313241	3.004287928	5.065312019	26.89048922	6.434385957	1.3784886
PjumbPBM12	101	PBM	6.985508067	11.50677114	8.415674752	5.653498888	6.698504565	5.649445571	3.434471782	11.83449362	14.71794059	6.193892371	6.456148163	1.630307339	2.782632132	3.142577495	4.752387633	26.74042553	6.040188478	1.508809164
PjumbPBM13	102	PBM	7.078813908	11.43108717	8.196803338	5.689440182	6.868242308	5.069381051	3.086620361	11.3067644	14.62400359	6.047293534	6.516598275	1.490551634	2.889975844	2.968480931	4.474965153	26.86925832	6.758996516	1.108822609
PjumbPBM14	103	PBM	6.39875104	11.8942024	8.204997593	5.070392228	7.777932382	5.299947601	3.626225441	11.52057154	14.62851265	5.689106945	6.411096309	1.482635298	2.749031496	2.683142159	5.29552358	27.08904396	6.55333275	1.269976774
PjumbPBM15	104	PBM	6.962258056	11.74833012	8.146873857	5.395041499	7.060278793	4.76243927	3.600716671	12.02164844	14.01006118	5.740680754	6.165278256	1.670096363	2.962398247	2.566706011	5.122060348	26.65690681	7.001782698	1.414982922
PjumbPBM16	105	PBM	6.223514639	11.68996489	8.263234751	5.499699452	6.83127921	4.976353851	3.313747899	12.70372838	14.15317038	5.696144573	6.364053493	1.68136063	2.980720807	2.92923295	4.705872517	26.14212211	6.571147897	1.396178142
PjumbPBM17	106	PBM	6.517621811	11.71980099	8.936353098	5.488333447	7.871027557	5.778123711	2.911039873	10.74855633	15.05103952	5.766688953	6.28534486	1.854807157	2.575775347	3.060729106	4.742151344	27.48197848	6.636219984	1.439620592
PjumbPBM18	107	PBM	6.687246725	11.45481628	8.526115061	5.596782714	6.938737147	5.321539977	3.144836781	11.89017112	14.00423455	5.549265899	6.020101857	1.765452825	3.000372592	3.054060472	4.769533101	26.34933987	6.652766234	1.427228816
PjumbPBM19	108	PBM	6.67781476	11.22838489	8.662029509	6.882103948	8.095709207	5.383550189	3.402870391	10.38730227	14.12439594	4.909555673	5.713086893	1.546740766	2.772830736	3.162576663	4.81919133	26.40796769	7.161596017	1.335950245
PjumbPBM20	109	PBM	6.297500591	11.68162323	8.769809078	5.799772359	7.769275127	5.893951647	3.201533603	11.50858411	14.79456734	6.098878708	6.232051779	1.557285535	2.956445663	3.009403405	4.606247248	26.84118948	6.794643242	1.280484338
PjumbSRF1	114	SRF	4.46230438	9.404870114	7.247427524	4.392190709	5.307767398	5.718145997	2.491509977	8.554436353	11.83208375	4.444471151	4.633431601	1.370910032	2.196668477	2.697034836	3.683224026	19.51423476	6.045843761	0.883713266
PjumbSRF2	115	SRF	3.829717957	9.001162625	6.980828665	4.881551522	5.467589934	5.490172822	2.303865107	7.508871464	11.71259346	3.920221667	4.319737065	1.367664295	2.074224991	2.673733601	4.153531046	18.86487633	6.185983386	0.969032191
PjumbSRF3	116	SRF	4.026798278	9.215588856	7.328083953	4.811497733	5.580800523	5.766817921	2.244764321	7.198855556	11.98987359	3.747254287	4.56235572	1.461573601	2.09251712	2.620997355	3.989437316	19.25429572	6.033227838	0.899241676
PjumbSRF4	117	SRF	3.824537878	8.596016624	6.782696207	4.903158855	5.48265523	5.00304806	2.344625325	6.760745921	11.28937747	4.259414255	4.233630496	1.464739913	1.996590825	2.833733211	4.157813915	18.81989367	5.968512249	0.670162574
PjumbSRF5	118	SRF	5.274363858	9.086694618	6.995661037	4.848476084	5.666250646	5.084502832	2.343045802	7.738220497	11.38092236	4.482230152	4.276220036	1.457435327	1.990696654	2.6668069	3.968717752	19.28866063	5.521831837	0.7077485
PjumbSRF6	119	SRF	3.620320359	8.752222083	6.85038356	4.789470205	5.213468076	5.577846268	2.331596451	8.06309794	11.62021887	3.948681056	4.373085487	1.653848785	2.174230423	2.489076943	4.200000156	19.18634629	5.70345399	0.756819478
PjumbSRF7	120	SRF	3.683848178	8.692508941	6.88661481	4.826458168	5.417475548	5.275024237	2.367626039	7.894626724	11.39613879	3.925579755	4.306368887	1.550436715	2.107016502	2.813288502	3.814180675	19.22445782	5.707282494	0.789880409
PjumbSRF8	121	SRF	4.703869137	9.076329312	7.074420904	4.726667646	5.609055153	5.583982541	2.453417377	8.353384865	11.5280037	4.367882441	4.418118781	1.687423188	2.126094855	2.752953246	3.712525777	19.19389173	6.202577334	0.695150036
PjumbSRF9	122	SRF	3.610621169	8.111829899	7.093106227	5.720150743	4.755264376	5.283256878	2.104284991	6.934949952	11.2799124	4.317754372	4.190168681	1.621080504	2.069023255	2.793552237	4.012327894	19.6341364	5.953925824	0.716118638
PjumbSRF10	123	SRF	4.710358917	9.132164685	7.267528997	4.604486876	6.135005967	5.758849138	2.248080867	7.612008156	11.70530743	4.347155473	4.389460124	1.368586098	2.162314722	2.813738451	3.880399483	19.49079926	6.057743877	0.825618929
PjumbSRF11	124	SRF	4.285268963	9.178528174	7.128140871	4.16005161	5.395688021	5.66874444	2.375272624	7.842865888	11.8785776	4.374456128	4.668120449	1.434424524	2.303636132	3.144625988	4.342799435	18.76926268	6.008538723	0.868246065
PjumbSRF12	125	SRF	4.423313545	9.360151618	7.192664061	4.645084893	5.870843435	5.665021516	2.29759566	7.041473659	11.4910822	3.919963226	4.604753886	1.430100043	2.097728812	2.936675293	4.242101766	19.08215257	6.097613402	0.933595976
PjumbSRF13	126	SRF	4.265698865	8.593789	7.115922429	4.687360241	5.392187818	5.637855774	2.246149681	8.269400053	11.20961668	3.829537368	4.166988073	1.533414754	1.963431017	2.113197669	3.856236396	19.105806	5.224026064	0.662664287
PjumbSRF14	127	SRF	4.299715195	9.390160116	7.388665561	4.586002464	5.524136301	5.17719414	2.359807492	7.593018263	11.75533292	4.06822115	4.594900014	1.310515825	2.077300774	2.53848467	4.02126241	19.2662843	6.070321053	0.921170636
PjumbSRF15	128	SRF	4.675639111	8.95801378	7.395060204	4.472757623	5.753774426	5.560379008	2.224322386	7.930665483	11.2281782	4.02427573	4.454791607	1.52315319	2.101463987	2.475550803	4.126124807	19.25288106	5.565919872	0.738237705
