	BD	HL	CW	TL	AbL	PL	CPD	CPL	PdL	HD	SNL	OD	IW	AdCD	AnCD	PAdD	DL	MR
Gen.N.sp.1JAG	3.613416786	7.807690457	6.062309355	4.110855259	4.771120875	4.609297323	2.196431851	6.628244301	9.847100691	3.657169715	4.054419828	1.441245091	1.971760907	3.321727122	4.446101301	16.93730302	5.752944596	1.423915105
Gen.N.sp.2PIA	4.284218639	9.525215367	7.572612111	5.672963794	6.489123281	5.088795558	2.850303082	9.202477055	11.84317789	4.251077041	4.985732942	1.654005577	2.283597401	3.703540926	5.006984163	21.26661562	7.043220627	1.325920471
Gen.N.jumbPBN	5.548731214	10.59202293	8.168431627	6.085972006	7.119670823	6.382802868	2.974595217	10.60750601	13.60950913	5.166471658	5.278366425	1.802391731	2.607806812	3.450943278	5.218877393	23.91567578	7.588112653	1.071747913
Gen.N.sp.3IPO	7.237461973	11.79025815	8.97988156	6.452930296	8.446035751	6.495029194	3.45070608	13.01565219	15.33425629	6.196496465	6.401624398	1.69912073	2.841462618	3.837236177	5.353937409	27.39727173	7.436717054	1.586273677
Gen.N.sp.3PBM	6.79930775	11.54082092	8.533711378	5.863341246	7.328278441	5.566384745	3.240490996	11.49602488	14.54677786	5.86028911	6.169728197	1.660556548	2.867832926	2.968531341	4.926619261	26.81940065	6.775416968	1.344515099
Gen.N.sp.4SFR	4.246425053	8.97000203	7.115147	4.737024358	5.504797524	5.483389438	2.31573094	7.686441385	11.55314796	4.131806547	4.412808727	1.482353786	2.102195903	2.690896647	4.01071219	19.19653195	5.88978678	0.802493358
																		
																		
																		
																		
																		
																		
																		
																		
																		
																		
																		
																		
																		
																		
																		
																		
